5153291496095001195
5037 0 0 0 0 0 0 0 0 0 0 0 0 0 0 0 0 0 0 0 0 0 0 0 0 0 0 0 0 0 0 11347 0 0 0 0 0 0 0 0 0 0 0 0 0 0 0 0 0 0 0 0 0 0 0 0 0 0 0 0 0 0 0 0 
5153291496096187116
3583 0 0 0 0 0 0 0 0 0 0 0 0 0 0 0 0 0 0 0 0 0 0 0 0 0 0 0 0 0 0 12801 0 0 0 0 0 0 0 0 0 0 0 0 0 0 0 0 0 0 0 0 0 0 0 0 0 0 0 0 0 0 0 0 
5153291496092629353
8166 0 0 0 0 0 0 0 0 0 0 0 0 0 0 11246 0 0 0 0 0 0 0 0 0 0 0 0 0 0 0 0 0 0 0 0 0 0 0 0 0 0 0 0 0 0 0 0 0 0 0 0 0 0 0 0 0 0 0 0 0 0 0 0 
5153291496089071590
942 0 0 0 0 0 0 0 0 0 0 0 0 0 0 0 0 0 0 0 0 0 0 0 0 0 0 0 0 0 0 0 0 0 0 0 0 0 0 0 0 0 0 0 0 0 0 0 0 0 0 0 0 0 0 0 0 0 0 0 0 0 0 19778 
5153291496128206983
5263 0 0 0 0 0 0 0 0 0 0 0 0 0 0 0 0 0 0 0 0 0 0 0 0 0 0 0 0 0 0 11121 0 0 0 0 0 0 0 0 0 0 0 0 0 0 0 0 0 0 0 0 0 0 0 0 0 0 0 0 0 0 0 0 
17391973240268247169
1 0 0 0 0 0 0 0 0 0 2 0 0 0 0 1 0 0 0 0 0 0 0 0 0 0 0 0 0 0 0 0 2 0 0 0 0 0 0 0 0 0 0 0 0 0 0 0 0 1 1 0 0 0 0 0 0 0 0 0 0 0 0 1 
5153291496127021062
3881 0 0 0 0 0 0 0 0 0 0 0 0 0 0 0 0 0 0 0 0 0 0 0 0 0 0 0 0 0 0 0 0 0 0 0 0 0 0 0 0 0 0 0 0 0 0 11479 0 0 0 0 0 0 0 0 0 0 0 0 0 0 0 0 
5153291496097373037
3111 0 0 0 0 0 0 0 0 0 0 0 0 0 0 0 0 0 0 0 0 0 0 0 0 0 0 0 0 0 0 0 0 0 0 0 0 0 0 0 0 0 0 0 0 0 0 12249 0 0 0 0 0 0 0 0 0 0 0 0 0 0 0 0 
5153291496093815274
8120 0 0 0 0 0 0 0 0 0 0 0 0 0 0 12769 0 0 0 0 0 0 0 0 0 0 0 0 0 0 0 0 0 0 0 0 0 0 0 0 0 0 0 0 0 0 0 0 0 0 0 0 0 0 0 0 0 0 0 0 0 0 0 0 
5153291496087885669
994 0 0 0 0 0 0 0 0 0 0 0 0 0 0 0 0 0 0 0 0 0 0 0 0 0 0 0 0 0 0 0 0 0 0 0 0 0 0 0 0 0 0 0 0 0 0 0 0 0 0 0 0 0 0 0 0 0 0 0 0 0 0 19726 
5153291496125835141
4019 0 0 0 0 0 0 0 0 0 0 0 0 0 0 0 0 0 0 0 0 0 0 0 0 0 0 0 0 0 0 0 0 0 0 0 0 0 0 0 0 0 0 0 0 0 0 11341 0 0 0 0 0 0 0 0 0 0 0 0 0 0 0 0 
5153291496090257511
986 0 0 0 0 0 0 0 0 0 0 0 0 0 0 0 0 0 0 0 0 0 0 0 0 0 0 0 0 0 0 0 0 0 0 0 0 0 0 0 0 0 0 0 0 0 0 0 64 0 0 0 0 0 0 0 0 0 0 0 0 0 0 19670 
5153291496129392904
5270 0 0 0 0 0 0 0 0 0 0 0 0 0 0 0 0 0 0 0 0 0 0 0 0 0 0 0 0 0 0 15130 0 0 0 0 0 0 0 0 0 0 0 0 0 0 0 0 0 0 0 0 0 0 0 0 0 0 0 0 0 0 0 0 
5153291496091443432
7285 0 0 0 0 0 0 0 0 0 0 0 0 0 0 11283 0 0 0 0 0 0 0 0 0 0 0 0 0 0 0 0 0 0 0 0 0 0 0 0 0 0 0 0 0 0 0 0 0 0 0 0 0 0 0 0 0 0 0 0 0 0 0 0 
4038116187622130069
1596 39 1 5 9 46 8 1 0 3 4 0 0 0 0 4 50 12 0 0 45 3696 146 13 2 30 174 8 0 0 1 14 4 0 0 0 14 167 36 0 1 174 19315 300 0 2 44 294 0 0 0 0 0 8 1 0 0 8 291 43 0 9 320 13062 
4038116187463216655
3236 837 57 34 254 706 86 47 1 16 44 19 0 11 15 0 632 260 10 2 191 2985 1008 407 0 201 998 572 0 110 269 161 219 27 3 1 93 489 395 42 12 186 5746 2685 17 187 1017 2450 49 2 0 1 374 423 261 9 224 622 1856 392 36 764 1768 6481 
4038116187507095732
3975 758 67 0 178 821 132 14 0 0 56 26 0 0 0 0 804 328 14 0 771 12340 764 30 4 70 669 234 0 1 10 43 41 11 0 0 202 753 121 3 47 791 10574 344 0 4 176 498 0 0 0 0 4 44 6 1 1 131 440 131 0 61 480 3027 
4038116187498794285
7883 2578 538 18 917 1714 1367 150 128 282 367 130 2 8 4 7 2281 1157 209 5 1581 2583 1498 161 468 1185 1514 420 22 92 161 119 766 413 86 1 1039 1298 672 69 551 1341 1382 267 51 206 368 221 79 36 9 0 153 163 87 10 137 274 263 59 33 135 168 114 
4038116187460844813
2150 548 3 0 87 659 20 0 0 0 1 0 0 0 0 0 547 234 1 0 669 14037 1564 0 1 420 1432 32 0 0 0 0 4 0 0 0 18 1502 313 0 4 1526 9824 662 1 1 233 510 1 0 0 0 1 9 3 0 0 37 617 68 2 11 531 1717 
4038116187503537969
21566 143 22 0 20 135 20 2 0 0 20 4 0 0 0 1 169 8 2 0 131 3884 104 7 0 12 125 10 0 0 1 8 15 3 0 0 25 104 13 3 11 125 4728 109 0 0 17 125 0 0 0 0 3 4 0 0 8 15 112 13 0 6 124 8043 
4038116187575879150
14990 668 20 0 138 563 41 2 0 5 22 1 0 0 0 0 607 123 3 0 576 13014 329 0 0 88 315 2 0 0 0 3 25 7 2 0 44 300 67 0 29 313 6896 63 0 1 17 52 0 0 0 0 0 0 0 0 0 6 73 6 0 0 49 540 
4038116187537929678
6331 596 203 8 108 317 321 52 5 19 183 62 3 1 2 14 517 174 37 2 222 3697 407 24 20 101 694 77 0 1 16 94 257 47 13 4 330 359 110 19 211 622 10889 481 2 20 156 565 27 13 3 2 50 33 18 10 75 56 462 96 40 88 550 10084 
4038116187581808755
15670 1539 35 4 650 1319 150 8 3 29 22 7 0 1 1 4 1448 693 35 0 1425 5414 855 37 34 431 696 196 0 0 19 60 30 39 5 0 140 940 262 15 22 695 1519 454 0 12 122 594 1 0 0 0 6 25 11 0 5 176 475 85 0 31 655 2896 
4038116187466774418
916 1012 31 0 582 1548 307 0 18 83 43 0 0 0 0 0 992 1293 86 0 1664 9459 1879 4 118 1571 1785 32 2 8 15 1 47 119 16 0 205 1933 1306 14 36 1706 8435 655 1 27 603 233 0 0 0 0 1 12 27 3 1 38 640 178 1 6 188 120 
4038116187584180597
3406 249 2 0 49 307 6 0 0 1 2 0 0 0 0 0 252 111 2 0 295 15307 265 1 4 58 251 5 0 1 2 0 1 2 0 0 5 291 28 0 0 271 9180 313 0 1 51 350 0 0 0 0 0 2 0 0 0 4 316 57 0 0 354 8198 
4038116187585366518
6343 1351 7 0 612 1633 74 0 5 7 8 3 0 0 0 0 1306 951 12 0 1649 16787 984 10 32 591 758 21 0 0 5 8 57 13 1 0 46 910 295 4 56 745 3563 138 2 3 81 120 1 0 0 0 1 13 4 0 1 11 138 58 0 8 116 458 
4038116187540301520
12938 1485 155 13 267 1144 389 46 0 22 113 62 0 0 4 15 1574 298 18 2 1163 7374 840 44 16 283 974 131 0 5 16 74 118 15 4 1 371 905 161 9 82 1077 4063 315 0 14 129 404 1 0 2 0 32 20 6 2 32 150 366 53 2 53 453 1695 
4038116187624501911
12663 1311 220 19 368 990 401 73 23 83 174 56 2 5 8 8 1330 441 73 2 1033 6685 669 67 104 451 560 135 7 39 59 63 191 47 9 3 439 751 188 22 101 666 3443 302 5 37 180 380 16 4 2 0 50 79 16 6 42 160 304 116 10 63 364 3882 
4038116187579436913
16735 547 38 2 57 357 116 39 0 1 13 30 0 0 1 4 561 84 2 0 473 8348 441 15 0 55 462 146 0 0 2 66 8 1 0 0 81 604 70 0 6 590 3939 227 0 0 84 406 0 0 0 0 4 6 1 0 1 80 390 42 0 8 451 4406 
4038116187464402576
7005 844 99 63 208 757 86 98 4 19 33 48 0 23 26 10 773 218 7 0 190 8431 1294 307 12 135 964 367 4 70 232 118 184 110 0 0 309 761 99 12 137 560 11110 531 24 278 450 360 42 3 0 0 305 229 5 0 134 444 263 187 11 179 325 503 
4038116187582994676
10461 462 47 4 62 363 52 23 3 2 19 22 0 0 0 4 470 55 5 0 381 15416 278 7 1 60 281 30 0 0 4 26 36 1 0 0 54 311 53 0 24 285 6099 118 0 5 28 161 3 0 1 1 12 9 0 1 12 36 132 21 4 26 162 3867 
4038116187619758227
3212 80 7 0 18 68 29 0 2 4 26 2 0 0 0 1 70 28 22 1 73 9578 309 9 3 75 339 10 0 0 2 6 4 3 1 0 44 312 112 2 11 364 18224 176 0 1 39 169 0 0 0 0 1 2 2 0 1 17 179 17 0 4 178 6163 
4038116187536743757
12949 274 17 12 67 230 23 24 1 4 11 15 0 2 9 19 247 52 8 17 207 13609 845 270 10 403 508 327 1 53 98 208 33 12 3 2 46 820 385 46 17 663 3581 295 4 96 257 354 9 1 2 0 25 251 26 3 23 247 433 69 5 167 399 1206 
4038116187465588497
5889 1150 551 90 211 808 591 284 2 115 360 191 0 1 28 106 1773 760 133 37 1548 9658 849 984 16 418 507 570 2 4 309 960 43 1 1 0 885 2603 13 8 21 1694 310 1 2 3 329 459 2 2 2 0 8 50 0 1 5 1160 947 1 2 63 1443 1036 
4038116187501166127
15647 1834 220 12 154 745 843 152 0 8 85 124 0 0 1 14 1993 148 7 1 1797 4212 302 106 2 127 653 473 0 0 19 247 15 1 1 0 242 1402 17 0 15 1355 2479 79 0 2 139 570 0 0 0 0 1 4 0 0 1 240 705 26 0 2 777 2001 
4038116187459658892
8680 1281 69 6 309 1264 204 6 0 17 58 11 0 0 1 4 1328 472 15 1 1224 9382 1403 25 13 671 1361 97 0 1 6 18 76 9 1 0 212 1419 542 2 59 1394 5717 329 0 4 234 300 0 0 0 0 5 17 2 0 9 86 360 80 0 14 276 926 
4038116187542673362
4422 875 181 40 369 761 262 54 10 44 130 62 0 0 16 33 998 503 54 6 937 4641 756 75 25 401 816 148 1 8 44 123 88 39 14 2 250 916 414 34 77 937 6547 750 2 39 434 819 1 1 0 0 30 62 28 13 37 205 778 365 2 89 896 9336 
4038116187546231125
16125 289 0 0 46 288 0 0 0 0 0 0 0 0 0 0 272 43 0 0 292 17154 191 0 1 46 169 1 0 0 0 0 8 0 0 0 0 197 25 0 8 175 3691 35 0 0 3 27 0 0 0 0 0 0 0 0 0 1 32 4 0 0 33 844 
4038116187539115599
13957 1706 148 10 293 1352 363 49 7 29 95 44 0 1 6 7 1625 349 32 0 1398 6710 874 40 36 274 960 137 0 4 21 72 183 20 2 0 312 917 138 2 97 954 3610 264 2 17 132 353 11 1 0 0 49 21 2 7 67 131 303 38 13 49 367 1339 
4038116187613828622
9747 1169 119 16 405 918 136 51 16 44 66 42 1 5 9 12 1141 396 33 4 934 17772 584 75 47 281 462 109 2 22 34 95 116 26 5 3 195 527 164 15 47 495 1208 221 4 51 118 236 16 4 2 0 74 62 23 9 50 93 185 86 11 96 249 862 
4038116187505909811
339 169 18 2 64 161 140 23 0 3 19 26 0 0 1 8 166 176 24 4 194 1638 527 141 1 83 496 314 0 3 39 158 19 21 15 4 113 566 211 20 26 493 4689 2320 1 34 422 3154 0 2 1 1 30 141 26 3 26 315 2316 966 2 168 3168 15790 
4038116187462030734
11382 1086 150 21 200 850 272 32 1 13 113 35 0 0 9 21 1194 271 13 2 1081 7172 787 17 12 301 983 109 1 0 10 33 49 14 1 0 192 1028 267 4 34 1093 5942 556 0 6 336 585 4 0 0 0 17 8 4 0 20 81 663 187 1 21 611 2105 
4038116187580622834
14657 787 61 7 108 634 131 46 3 15 23 37 0 0 1 7 788 148 12 0 732 9016 678 50 6 130 617 169 0 2 12 80 47 5 2 0 103 827 156 9 26 692 4203 270 0 9 89 432 3 0 0 0 17 30 5 0 15 147 366 54 1 50 469 3016 
4038116187541487441
3386 523 75 19 224 493 79 9 14 28 51 18 0 1 6 23 585 282 42 1 556 8567 524 36 18 167 506 43 0 4 14 41 34 23 11 2 101 554 122 15 29 586 13352 423 2 11 108 456 13 3 1 1 6 10 9 9 19 50 467 107 11 16 462 6652 
4038116187577065071
11975 1562 93 6 611 1389 187 27 14 54 54 18 1 2 1 1 1503 683 27 4 1374 10229 933 68 49 553 795 122 1 14 51 51 100 44 3 1 172 1008 295 23 62 780 2158 236 2 45 189 236 17 5 0 1 23 60 22 3 19 122 206 73 13 51 222 1357 
4038116187545045204
8857 1399 98 6 774 1033 154 9 27 52 61 9 0 2 0 2 1409 536 42 1 1051 9643 491 10 53 268 461 27 0 1 7 17 98 40 11 1 177 456 188 4 58 516 8457 141 1 8 67 144 2 0 0 0 15 11 5 2 12 28 174 31 1 14 146 2692 
4038116187620944148
1040 45 4 1 4 54 7 0 0 0 4 0 0 0 0 0 52 5 1 0 46 5764 183 0 0 28 179 6 0 0 0 1 2 1 0 0 10 185 31 0 1 197 24457 198 0 0 36 214 0 0 0 0 0 0 1 0 0 5 180 33 0 3 223 6799 
4038116187623315990
19346 772 37 7 259 594 86 29 5 11 24 17 0 0 1 8 750 159 7 1 571 5223 740 21 16 87 724 77 0 3 6 54 55 10 2 0 49 747 81 3 20 707 3628 203 8 12 43 399 34 3 0 0 18 38 3 5 25 46 178 184 28 50 357 3429 
4038116187578250992
14137 604 14 0 159 661 52 3 0 11 8 1 0 0 0 0 601 292 5 0 650 11685 970 10 7 492 794 75 0 0 7 18 22 2 0 0 66 921 408 11 19 818 3543 308 0 9 251 350 1 0 0 0 6 20 8 3 4 72 323 211 0 24 337 1007 
4038116187543859283
987 143 1 1 57 160 26 0 0 2 8 0 0 0 0 0 135 91 4 0 160 3316 350 0 6 94 425 4 0 0 0 0 4 2 1 0 34 347 168 1 2 438 19066 769 0 1 323 658 1 0 0 0 0 5 0 0 1 7 791 210 0 7 667 10527 
4038116187535557836
8921 515 15 0 118 497 83 4 2 7 6 4 0 0 0 0 490 171 5 0 533 11790 429 9 6 179 354 95 0 3 7 14 56 7 0 0 41 374 87 6 48 333 6528 188 0 2 70 279 5 1 0 0 0 44 3 1 0 55 201 34 5 43 239 7093 
4038116187497608364
7830 1701 148 4 344 1293 484 28 6 31 107 36 0 0 1 4 1490 425 35 1 1066 6097 1251 33 47 434 1464 194 1 2 33 51 284 58 8 0 480 993 341 10 203 1245 6123 682 5 39 302 684 28 7 3 0 82 68 22 0 84 199 474 110 25 117 592 2091 
4038116187652964015
6919 858 75 23 291 858 119 42 16 33 27 30 0 7 12 9 799 443 36 1 871 15969 722 95 26 346 695 110 10 28 66 69 80 32 5 1 112 749 234 18 43 605 4865 350 17 47 201 314 24 6 1 1 39 88 25 8 28 117 376 113 2 79 319 1496 
4038116187496422443
7658 1721 162 3 271 1294 556 36 4 26 129 40 0 0 0 5 1503 379 24 1 981 5854 1357 28 52 449 1538 248 0 5 18 47 344 61 8 1 519 974 369 7 254 1193 5948 709 8 41 357 753 35 11 2 0 110 74 19 1 145 225 528 120 31 135 609 2020 
4038116187499980206
1808 416 12 0 41 337 112 2 0 2 5 1 0 0 0 0 365 152 8 1 343 5474 1395 32 3 165 1384 328 0 0 14 38 15 8 0 0 144 1359 395 3 19 1403 9795 1764 1 5 613 1832 0 0 0 0 0 27 9 0 2 346 1713 317 0 24 1772 5996 
4038116187618572306
2080 74 5 0 9 58 24 2 0 5 10 4 0 0 0 0 78 21 10 0 76 2258 95 35 0 14 135 38 0 4 11 40 1 2 2 0 16 139 48 20 3 153 16908 262 0 6 83 307 0 0 0 0 2 13 7 0 0 65 271 62 0 17 319 16208 
4038116187615014543
12668 1243 173 9 493 1101 240 33 20 57 106 28 3 3 4 4 1325 518 46 2 1088 15226 531 27 73 321 503 73 0 11 15 42 154 51 10 3 213 568 187 2 115 568 1317 66 2 17 41 106 4 4 0 2 31 36 9 1 27 64 72 10 3 51 88 192 
4038116187458472971
1231 533 53 2 127 656 212 4 4 24 70 9 0 1 1 0 559 417 43 0 645 6013 1799 20 30 928 2098 98 0 2 16 27 43 42 8 0 208 1805 1143 17 56 2171 12510 1055 3 25 672 701 1 1 1 0 10 25 21 1 4 89 1039 287 1 23 709 1707 
4038116187467960339
422 602 25 0 235 1102 309 0 4 36 35 0 0 0 0 0 594 931 34 1 1242 7752 2341 11 68 1450 2392 90 0 8 17 9 20 57 14 0 180 2497 1228 11 21 2437 8359 1043 0 15 634 691 0 0 0 0 0 6 26 0 0 62 1101 246 0 10 698 934 
4038116187504723890
8510 708 25 0 111 698 102 0 0 2 25 0 0 0 0 0 712 182 0 0 664 8309 293 8 3 87 328 17 0 0 0 8 23 1 0 0 85 310 55 0 29 331 9295 316 0 1 78 341 0 0 0 0 1 12 0 0 1 18 302 82 0 14 332 7581 
4038116187617386385
8361 1094 62 34 234 1019 201 22 1 11 34 17 0 1 3 39 1059 276 8 4 895 8273 986 71 8 279 908 208 2 7 19 103 126 24 5 1 204 840 276 20 73 882 4720 406 2 29 166 546 12 7 0 0 64 73 12 6 51 185 412 79 17 127 524 5872 
4038116187502352048
13788 2257 96 1 136 989 1134 108 0 1 36 71 0 0 1 0 2267 108 2 1 1911 3864 489 26 6 87 914 583 2 0 6 134 30 4 0 0 427 1398 22 0 21 1455 3543 109 5 1 152 613 5 1 0 0 1 4 0 0 7 262 635 11 1 11 754 1510 
4038116187616200464
7494 1065 193 33 232 744 371 67 19 79 122 73 1 5 5 21 1004 326 70 8 820 5482 864 109 48 284 892 316 3 17 41 190 196 65 23 0 316 806 297 45 144 854 6666 528 12 45 212 864 51 13 3 0 95 118 50 10 64 266 485 213 53 219 809 5480 
4038116187574693229
14262 791 36 1 267 570 69 4 2 12 34 3 0 0 1 2 722 218 9 0 584 10216 360 1 17 140 393 6 0 0 1 7 54 8 1 0 66 373 129 2 53 396 8181 138 0 3 35 158 0 0 0 0 2 13 1 0 4 10 154 25 0 11 138 1317 
